object_list:
- arm_name: left
  object_name: soap2
  pick_pose:
    orientation:
      w: 0.0
      x: 0.0
      y: 0.0
      z: 0.0
    position:
      x: 0.8446508646011353
      y: 0.08985251188278198
      z: 0.6767017245292664
  place_pose:
    orientation:
      w: 0.0
      x: 0.0
      y: 0.0
      z: 0.0
    position:
      x: 0
      y: 0.71
      z: 0.605
  test_scene_num: 2
